[10676.379;
 10598.901;
 10469.739;
 10406.553;
 10319.475;
 10211.291;
 10153.614;
 10096.043;
 10021.6;
 9996.7803;
 9938.7744;
 9859.9668;
 9796.8486;
 9729.7939;
 9686.3223;
 9661.1143;
 9604.2822;
 9535.9268;
 9511.1182;
 9433.5039;
 9374.8213;
 9339.5361;
 9289.6484;
 9256.4766;
 9232.5205;
 9182.4873;
 9114.2422;
 9097.8418;
 9024.2646;
 8974.2773;
 8944.541;
 8911.3848;
 8883.5986;
 8825.7266;
 8798.7832;
 8774.498;
 8723.3125;
 8680.4727;
 8649.832;
 8629.6357;
 8565.4111;
 8553.3369;
 8509.1318;
 8504.7285;
 8461.0576;
 8411.4121;
 8395.8369;
 8366.1885;
 8348.8184;
 8312.1191;
 8298.082;
 8275.3613;
 8208.001;
 8180.3911;
 8159.188;
 8122.0015;
 8074.9653;
 8054.3047;
 8029.9092;
 7999.4702;
 7942.2017;
 7930.4985;
 7909.5454;
 7865.0386;
 7841.4399;
 7817.2041;
 7785.4546;
 7767.0337;
 7741.6284;
 7718.21;
 7671.7935;
 7626.2559;
 7621.0308;
 7579.6963;
 7561.8979;
 7534.3789;
 7521.3564;
 7467.2334;
 7460.27;
 7435.3398;
 7377.6826;
 7357.0337;
 7328.8486;
 7271.6128;
 7255.6875;
 7235.2588;
 7215.832;
 7197.3062;
 7159.6143;
 7112.562;
 7093.9048;
 7073.2632;
 7032.5518;
 7016.3228;
 6997.0029;
 6988.8159;
 6945.6929;
 6908.665;
 6882.6909;
 6868.605;
 6854.9863;
 6826.4033;
 6816.4512;
 6780.98;
 6779.2988;
 6749.5474;
 6711.8237;
 6704.1753;
 6661.4058;
 6653.6558;
 6634.6382;
 6603.521;
 6565.375;
 6546.8306;
 6529.873;
 6525.1045;
 6473.4634;
 6459.7383;
 6444.4448;
 6437.394;
 6427.5361;
 6389.832;
 6354.1206;
 6347.4937;
 6334.5928;
 6323.9111;
 6271.6602;
 6254.8022;
 6218.854;
 6200.3052;
 6178.5356;
 6147.1875;
 6117.73;
 6097.3564;
 6060.3594;
 6028.7144;
 6011.9077;
 6003.1489;
 5971.3228;
 5967.3311;
 5959.6729;
 5929.6865;
 5906.8936;
 5881.9014;
 5854.8867;
 5840.7725;
 5836.3896;
 5817.5854;
 5811.917;
 5790.9526;
 5770.1704;
 5733.5757;
 5711.4478;
 5689.5996;
 5658.9717;
 5648.3604;
 5632.8652;
 5613.9194;
 5590.5771;
 5570.001;
 5542.2476;
 5540.8462;
 5535.0259;
 5501.1479;
 5479.7637;
 5469.71;
 5435.8462;
 5415.1909;
 5391.0664;
 5374.5435;
 5365.9985;
 5349.2686;
 5305.1562;
 5296.4434;
 5290.3315;
 5248.3745;
 5232.1045;
 5213.5752;
 5212.9731;
 5185.4136;
 5176.877;
 5171.8091;
 5121.5225;
 5091.7319;
 5076.292;
 5063.0908;
 5053.2114;
 5034.9033;
 5022.7451;
 5005.5254;
 4999.8882;
 4947.2837;
 4944.6494;
 4937.2539;
 4921.1899;
 4914.1519;
 4874.3677;
 4857.5288;
 4849.0195;
 4832.9761;
 4804.5977;
 4792.5767;
 4772.5918;
 4749.2485;
 4718.6689;
 4698.0068;
 4685.5034;
 4672.5366;
 4646.8735;
 4639.4551;
 4632.6284;
 4607.1221;
 4595.7578;
 4574.772;
 4558.1987;
 4549.6123;
 4529.8159;
 4504.6011;
 4465.0713;
 4451.2622;
 4413.002;
 4387.1792;
 4381.2734;
 4355.8008;
 4339.9561;
 4325.1938;
 4315.8506;
 4297.3589;
 4289.8213;
 4263.5991;
 4240.8413;
 4235.7256;
 4212.7578;
 4208.6084;
 4185.4141;
 4165.4453;
 4145.6401;
 4141.2524;
 4125.7671;
 4102.9185;
 4097.0747;
 4064.2229;
 4052.355;
 4047.4878;
 4033.0437;
 4013.9509;
 4007.3645;
 3983.199;
 3973.6094;
 3955.8403;
 3924.9131;
 3910.4502;
 3896.4792;
 3880.3137;
 3865.1316;
 3840.3447;
 3834.457;
 3816.0527;
 3795.4067;
 3761.9434;
 3751.2266;
 3738.8401;
 3721.8394;
 3711.8564;
 3705.7007;
 3669.0796;
 3657.0771;
 3645.374;
 3633.6533;
 3615.3433;
 3604.7842;
 3579.6123;
 3567.2095;
 3560.3235;
 3552.5042;
 3535.9861;
 3524.7456;
 3491.7043;
 3469.8623;
 3456.8765;
 3414.9099;
 3408.7385;
 3391.2168;
 3360.4092;
 3355.8193;
 3348.3005;
 3336.7668;
 3313.9268;
 3303.9348;
 3300.9351;
 3287.9939;
 3255.4634;
 3233.7061;
 3210.9229;
 3203.8162;
 3175.0908;
 3161.3376;
 3150.0242;
 3144.7595;
 3123.991;
 3106.5322;
 3087.0249;
 3065.8025;
 3055.5474;
 3047.1111;
 3024.6584;
 3006.8801;
 2977.5752;
 2955.0657;
 2940.9585;
 2932.7327;
 2920.5457;
 2904.7229;
 2894.8828;
 2886.6572;
 2871.5339;
 2849.0603;
 2839.2739;
 2815.5422;
 2800.6897;
 2781.9651;
 2755.5466;
 2746.1587;
 2726.8884;
 2709.4622;
 2679.8958;
 2666.4382;
 2659.2593;
 2642.1511;
 2634.0938;
 2614.1458;
 2609.0518;
 2597.7366;
 2576.1467;
 2539.2183;
 2529.6042;
 2512.1592;
 2491.4851;
 2474.592;
 2463.3193;
 2438.0974;
 2428.6157;
 2399.1768;
 2391.8252;
 2365.5659;
 2341.4045;
 2335.0024;
 2313.23;
 2283.2544;
 2250.1167;
 2228.1187;
 2203.8425;
 2195.1841;
 2174.3936;
 2121.7139;
 2104.8503;
 2093.9885;
 2058.2778;
 2035.2939;
 1979.0709;
 1936.3495]